chromosome	position	LR	CN
chr1	436844	-0.255328298735308	2
chr1	959147	0.0890826324762073	2
chr1	1306791	-0.17985372800606	2
chr1	1313281	-0.510719143766317	2
chr1	1359643	0.0430743628176546	2
chr1	1972432	-0.432421774549305	2
chr1	2023062	-0.0709242014376079	2
chr1	2052034	-0.400942360754324	2
chr1	2135348	0.0206877823771069	2
chr1	2776938	-1.08214260228835	2
chr1	2835953	0.315617316117621	2
chr1	2926132	0.127970552555616	2
chr1	3163287	0.239065263866851	2
chr1	3168857	0.555716752941221	2
chr1	3352040	-0.150527535275815	2
chr1	3436349	0.039251750698609	2
chr1	3521093	-0.231557709996763	2
chr1	3818663	0.143922909396961	2
chr1	3839939	-0.211622797387248	2
chr1	4031197	0.367628686582959	2
chr1	4443036	0.214068164271407	2
chr1	5044906	-0.0446948018590267	2
chr1	5740994	0.0651052475495305	2
chr1	5755918	-0.200003428725125	2
chr1	5907032	0.024315548376529	2
chr1	5986765	-0.0682402365451599	2
chr1	6081355	-0.623538245782782	2
chr1	6684264	0.0805692249802602	2
chr1	6722020	-0.362659308354677	2
chr1	7187848	-0.0590444197488475	2
chr1	8099630	-0.0900874492442998	2
chr1	8167363	-0.0104384925147721	2
chr1	8172957	-0.118811323113349	2
chr1	9198820	-0.158493805263699	2
chr1	9590946	-0.426575036840653	2
chr1	9905541	0.350354462744496	2
chr1	10250434	0.268348293575948	2
chr1	10536775	0.0596582912338366	2
chr1	10537305	0.0138786393749109	2
chr1	10882801	0.34431008209601	2
chr1	11370489	0.130742219218227	2
chr1	11575684	-0.453130010383601	2
chr1	11753647	0.0665244201909574	2
chr1	11902934	-0.255782635425118	2
chr1	11994349	-0.0931526070962356	2
chr1	12060037	0.118690032543879	2
chr1	12503079	-0.0456927024349417	2
chr1	12618671	-0.411826156627283	2
chr1	12744347	-0.425384535875414	2
chr1	12771548	0.275198677092329	2
chr1	12777614	0.277857760220065	2
chr1	13019567	0.160151839499132	2
chr1	13236545	-0.550916879623903	2
chr1	13620035	-0.466496562918576	2
chr1	13707095	-0.928200244690004	2
chr1	13882842	0.167289602017398	2
chr1	14105948	-0.27959995805702	2
chr1	14164421	0.530464364872539	2
chr1	14343071	-0.0913365675666646	2
chr1	15569824	-1.08257001515397	2
chr1	16767852	-0.228247305872464	2
chr1	16779708	-0.200043908365648	2
chr1	16823065	0.174380576746807	2
chr1	16846319	-0.245722584958984	2
chr1	17113448	0.0676877907725176	2
chr1	18369644	-0.636704422794706	2
chr1	18633775	0.137828430604969	2
chr1	18846909	0.36780854859828	2
chr1	18987500	0.113149317900008	2
chr1	19393862	-0.422260501015784	2
chr1	19508679	0.0360666303374825	2
chr1	19681216	0.319587091392817	2
chr1	20177131	0.35124690255821	2
chr1	20271544	0.0977372010344533	2
chr1	20874064	-0.154480808290059	2
chr1	21211442	0.402289055093912	2
chr1	21381797	-0.0946608771917822	2
chr1	21742253	-0.486230699022652	2
chr1	22292733	0.0930229224248549	2
chr1	22745857	1.54228986360577	2
chr1	22840004	-0.622662482741766	2
chr1	22850594	-0.68491194206446	2
chr1	23040733	-0.112939921045734	2
chr1	23161518	0.167152733418628	2
chr1	23246081	-0.139025910258082	2
chr1	23397623	-0.722047863607951	2
chr1	23637245	-0.193988096354317	2
chr1	23643741	-0.244218706063627	2
chr1	23823498	-0.270917142715618	2
chr1	24468039	-0.0821927781545178	2
chr1	24475050	0.133580238514673	2
chr1	24569244	-0.324778633931445	2
chr1	24650828	-0.212238684618891	2
chr1	24695379	0.382250607572038	2
chr1	24762666	-0.158837283552968	2
chr1	25134659	0.0581755740080324	2
chr1	25691949	-0.718822256765687	2
chr1	25762775	0.450663843089584	2
chr1	25779738	-0.675814670823092	2
chr1	25875706	-0.489184392055058	2
chr1	25985489	-1.01669380164785	2
chr1	26264044	-0.269534979973705	2
chr1	26420105	0.17217078357738	2
chr1	26546716	0.247050055962414	2
chr1	26656642	0.0621179166216018	2
chr1	27078957	-0.167119534669198	2
chr1	27280361	0.305306977706233	2
chr1	27292640	0.29014272648627	2
chr1	27313976	-0.793222987642271	2
chr1	27743076	-5.07372433122976	1
chr1	27893178	-0.1251121254124	1
chr1	27956486	0.317024259389662	1
chr1	28013726	0.208733173200002	1
chr1	28213568	0.0927305726299628	1
chr1	28356498	-0.289909333729078	1
chr1	28834434	0.426373459616487	1
chr1	29275723	-0.23415312745814	1
chr1	29370828	-0.101665168655836	1
chr1	29501483	0.139248382719555	1
chr1	29791186	0.277012942957304	1
chr1	30333873	-0.492392803596781	1
chr1	30402803	-1.23235438827405	1
chr1	30849630	-2.16747604431127	1
chr1	31147100	-0.95624572013706	1
chr1	31676862	-0.762880259680832	1
chr1	31816505	-1.89820578665762	1
chr1	32106951	-0.697662629534772	1
chr1	32254696	-2.05807337728187	1
chr1	32504797	-2.79005786667976	1
chr1	32612628	-0.654031818515103	1
chr1	33053292	-0.991188250523803	1
chr1	33131260	-1.12475711387065	1
chr1	33219730	-3.94949431001592	1
chr1	33227973	-0.761487449301809	1
chr1	33660731	-0.439150237752213	1
chr1	34026908	-1.60905683812238	1
chr1	34448851	-1.31697999809808	1
chr1	34662616	-1.50134875579167	1
chr1	34814047	-1.86900674543581	1
chr1	35707967	-0.87236861105488	1
chr1	37134473	-0.619327707594835	1
chr1	37215614	-0.492480541007132	1
chr1	37393215	-5.20801707509354	1
chr1	37571212	-1.33458411070197	1
chr1	37779352	-1.27162626127264	1
chr1	37942121	-1.34381681763061	1
chr1	38348788	-2.61456295762574	1
chr1	38933407	-1.9847976801355	1
chr1	38944110	-0.908370573620025	1
chr1	39129830	0.072451410592884	1
chr1	39398545	-1.40356661176752	1
chr1	40098465	-1.04289997272644	1
chr1	40101512	-0.748124988893037	1
chr1	40216681	-0.236123750206753	1
chr1	40414298	-0.886710495374965	1
chr1	40685746	-1.05475281940561	1
chr1	40753442	-2.06434888545889	1
chr1	40971745	-0.988679548967687	1
chr1	41102716	-1.48262189792043	1
chr1	41184187	-0.775876686210167	1
chr1	41343756	-0.948599636621757	1
chr1	41401466	-2.76495458928704	1
chr1	41475514	-1.04460194975275	1
chr1	41648615	-1.37585682968589	1
chr1	42151189	-0.551334440608712	1
chr1	42388924	-0.406815476721803	1
chr1	43068108	-0.445222284767958	1
chr1	43183664	-1.68224213057375	1
chr1	43310565	-2.43151005786641	1
chr1	43919078	-0.729961903031958	1
chr1	43934702	-1.01438020096008	1
chr1	44237378	-2.74913538758476	1
chr1	44435291	-0.831635179359719	1
chr1	44518833	-1.9185308219961	1
chr1	44673858	-0.693762656243952	1
chr1	44787653	-0.136512042295312	1
chr1	44892777	-0.202962584946984	1
chr1	45111638	-0.165478625842561	1
chr1	45336939	-1.88725924554934	1
chr1	45629262	-1.19686248567826	1
chr1	45871429	-5.29577988063511	1
chr1	46558547	-4.18822480815947	1
chr1	46645241	0.00429001816895246	1
chr1	46718149	-0.54458315919187	1
chr1	46723111	-0.796773471680329	1
chr1	46821515	-1.90259310367032	1
chr1	47227355	-1.53923691882515	1
chr1	47254464	-0.349333734622917	1
chr1	47298683	-0.182348983378178	1
chr1	47341763	-0.963332718965693	1
chr1	47573526	-1.33392990824771	1
chr1	48211131	-0.877044999614949	1
chr1	48663170	-3.36497875196331	1
chr1	48938109	-0.446942021222902	1
chr1	49088498	-0.525036308489077	1
chr1	49472860	-0.439843111469286	1
chr1	49494877	-1.21669777945588	1
chr1	49769883	-2.87164403319516	1
chr1	50060048	-0.193062243205008	1
chr1	50268125	0.145414192797959	1
chr1	50981067	-0.452726711530745	1
chr1	51311746	-0.245470540428531	1
chr1	51429049	0.275042986492251	1
chr1	51538571	-0.0216090738768593	1
chr1	51683323	-0.0281226698604323	1
chr1	51692710	0.14297198681606	1
chr1	52026911	-0.6103860141248	1
chr1	52056370	-1.11425349730544	1
chr1	52485860	0.043369498330522	1
chr1	52625020	0.377370179269626	1
chr1	53019041	-0.0946731347512877	1
chr1	53125197	-0.129894669713977	2
chr1	53763750	-0.868936824057258	2
chr1	53812214	-0.755657870133494	2
chr1	53964411	-4.53880699065905	2
chr1	53982159	-0.856542151664497	2
chr1	54414807	-0.0848612782482773	2
chr1	55078091	0.532127650428315	2
chr1	55455196	-0.0612676629197425	2
chr1	55482615	0.265763144046771	2
chr1	55628207	-0.401791720679184	2
chr1	55861509	-0.966138206825129	2
chr1	56178149	0.532671671448372	2
chr1	56322916	0.409523385905774	2
chr1	56803229	0.352949083391853	2
chr1	56909607	-0.411771438862411	2
chr1	57082701	0.178268397183999	2
chr1	57400550	-0.307604500587287	2
chr1	57424048	0.179192555626908	2
chr1	57442043	0.0505149286488569	2
chr1	58604230	-0.701631022484157	2
chr1	58820590	-0.311510362005188	2
chr1	58876637	-2.07902045391624	2
chr1	58964489	0.284358451826834	2
chr1	59223397	0.0672814915506891	2
chr1	60280488	-0.520378406838861	2
chr1	60665516	-0.00366608802431429	2
chr1	60855642	0.134966225077001	2
chr1	61424858	0.682017922126908	2
chr1	61435612	0.178767292945256	2
chr1	61437116	-0.0185343654895992	2
chr1	61590478	0.170065621361516	2
chr1	62363109	0.0184403255721509	2
chr1	62487251	0.360704290226971	2
chr1	62494923	0.307547447806881	2
chr1	62947780	0.487341470401913	2
chr1	63061209	-0.410684352152319	2
chr1	63185594	0.226014816127209	2
chr1	63309533	0.0277478652039882	2
chr1	63529408	-0.0595379307649082	2
chr1	64111238	-0.240553648388585	2
chr1	64323119	0.468842750008713	2
chr1	64535519	-0.436018195758539	2
chr1	64616750	-0.110459923813292	2
chr1	64685110	0.43381244405456	2
chr1	64770459	0.612629589550777	2
chr1	64985632	0.371945578962677	2
chr1	64989637	0.375378759421046	2
chr1	65313860	-0.529128626995309	2
chr1	65633055	0.548384044617486	2
chr1	65930623	-0.222170988303851	2
chr1	66528318	0.330758543778298	2
chr1	66560501	1.38699592769428	2
chr1	66615072	-0.290199587036917	2
chr1	66673032	0.221657759804382	2
chr1	67035880	0.167099334318957	2
chr1	67636198	0.361966406389118	2
chr1	68649702	0.32882785609213	2
chr1	69213042	-0.0791413470025397	2
chr1	69479912	-0.268664205752081	2
chr1	69617183	0.564528600707785	2
chr1	69629390	-0.435631635318983	2
chr1	69794774	0.340083967594739	2
chr1	70061545	0.326408408705092	2
chr1	70106425	-0.0850049333735831	2
chr1	70344443	0.234517982610549	2
chr1	70690644	0.387977436892112	2
chr1	71269693	-2.36605688619563	2
chr1	71874639	-0.274205282268126	2
chr1	71974731	-0.49066481483668	2
chr1	72188462	-0.360233304895265	2
chr1	72277130	0.237607290855898	2
chr1	72423443	0.758816433824296	2
chr1	72447361	0.372365335486719	2
chr1	72650172	-0.0901646356985632	2
chr1	73124694	0.256617348243519	2
chr1	73753859	0.439466916572262	2
chr1	74082824	0.191305233183157	2
chr1	74167957	0.150295565287037	2
chr1	74278812	0.112213133897454	2
chr1	75388177	0.314044315886787	2
chr1	75458486	0.45973895982176	2
chr1	75871393	0.293287856294742	2
chr1	76226639	0.00231672157206156	2
chr1	76259802	-0.474361708630554	2
chr1	76288252	0.195596978204087	2
chr1	76305687	-0.196646792136987	2
chr1	76518279	-0.135553343507551	2
chr1	76607668	0.233859385217653	2
chr1	76746236	0.50150828434038	2
chr1	77000467	0.201825140518973	2
chr1	77470641	-0.150074360215964	2
chr1	77712124	0.151381119722404	2
chr1	77798424	0.559977893038287	2
chr1	77974959	0.396921586399683	2
chr1	78084452	0.377830208044058	2
chr1	78136586	-0.441366390054917	2
chr1	78158757	-0.0301491117344294	2
chr1	78166504	0.558664394942709	2
chr1	78177068	0.340104777416887	2
chr1	78485445	-0.61361906389889	2
chr1	78737396	-0.202036871763627	2
chr1	78760911	0.0608216729635923	2
chr1	78792190	-0.520378406838861	2
chr1	78893534	-0.00366608802431429	2
chr1	79201783	0.134966225077001	2
chr1	79424180	0.682017922126908	1
chr1	79460473	0.178767292945256	1
chr1	79519753	-0.0185343654895992	1
chr1	79551543	2.53462717632646	1
chr1	79574376	0.0184403255721509	1
chr1	79833304	0.360704290226971	1
chr1	80068027	0.307547447806881	1
chr1	80087774	-5.08365998334274	1
chr1	80155488	-0.410684352152319	1
chr1	80339055	0.226014816127209	1
chr1	80590645	-6.98116369332867	1
chr1	80700571	-0.0595379307649082	1
chr1	80736878	-0.240553648388585	1
chr1	80915513	0.468842750008713	1
chr1	80956556	-0.436018195758539	1
chr1	81157840	-5.46673847264847	1
chr1	81336046	-5.1043222549027	1
chr1	81404171	-5.37474609425992	1
chr1	81656625	-4.55818505255517	1
chr1	82051762	-4.62924769787342	1
chr1	82391893	-6.90738969769049	1
chr1	82481120	0.548384044617486	1
chr1	82745585	-0.222170988303851	1
chr1	82991668	0.330758543778298	1
chr1	83700746	0.400371353404876	1
chr1	83967298	-0.290199587036917	1
chr1	84050292	0.221657759804382	1
chr1	84062401	0.167099334318957	1
chr1	84246859	0.361966406389118	1
chr1	84518287	0.32882785609213	1
chr1	84769351	-0.0791413470025397	1
chr1	84806980	-0.268664205752081	1
chr1	84915234	0.564528600707785	1
chr1	85031393	-0.435631635318983	2
chr1	85182592	0.340083967594739	2
chr1	85304757	0.326408408705092	2
chr1	85585050	-0.0850049333735831	2
chr1	85625248	0.234517982610549	2
chr1	85766695	0.387977436892112	2
chr1	85865693	-0.148493108666212	2
chr1	86509100	-0.274205282268126	2
chr1	86607377	-0.49066481483668	2
chr1	86935124	-0.360233304895265	2
chr1	87065269	0.237607290855898	2
chr1	87235085	0.758816433824296	2
chr1	87253193	0.716027220718488	2
chr1	87621707	-0.0901646356985632	2
chr1	87667134	0.256617348243519	2
chr1	88260015	0.439466916572262	2
chr1	88658050	0.191305233183157	2
chr1	89096601	0.150295565287037	2
chr1	89542745	1.8430506138004	2
chr1	89782602	0.314044315886787	2
chr1	90182521	0.45973895982176	2
chr1	90198265	0.293287856294742	2
chr1	90242273	0.00231672157206156	2
chr1	90314501	-0.474361708630554	2
chr1	90921366	0.195596978204087	2
chr1	91037269	-2.45680489612085	2
chr1	91641299	-0.135553343507551	2
chr1	91853322	0.233859385217653	2
chr1	91933517	0.50150828434038	2
chr1	92425309	0.201825140518973	2
chr1	92571003	-0.150074360215964	2
chr1	92892164	0.151381119722404	2
chr1	92913912	0.559977893038287	2
chr1	93118970	1.92349497761425	2
chr1	93258156	0.377830208044058	2
chr1	93607159	-0.441366390054917	2
chr1	93651222	-0.0301491117344294	2
chr1	93697592	0.558664394942709	2
chr1	93751404	0.340104777416887	2
chr1	93843497	-0.61361906389889	2
chr1	93867242	-0.202036871763627	2
chr1	94107688	0.0608216729635923	2
chr1	94114478	-0.520378406838861	2
chr1	94380181	-6.89727959684823	2
chr1	94666956	0.134966225077001	2
chr1	94806760	-2.00679245869543	2
chr1	94923145	0.178767292945256	2
chr1	95705126	-0.0185343654895992	2
chr1	95784800	0.170065621361516	2
chr1	96078173	0.0184403255721509	2
chr1	96391597	0.360704290226971	2
chr1	96543038	0.307547447806881	2
chr1	96885935	0.487341470401913	2
chr1	97034972	-0.410684352152319	2
chr1	97258874	0.226014816127209	2
chr1	97538161	0.0277478652039882	2
chr1	97930878	-0.202251808723389	2
chr1	98944875	-4.70350572742868	2
chr1	99169479	0.468842750008713	2
chr1	99472715	-0.436018195758539	2
chr1	99522030	-0.110459923813292	2
chr1	99875144	0.43381244405456	2
chr1	100000574	0.612629589550777	2
chr1	100126675	0.608012701119017	2
chr1	100264957	-0.451916901483577	2
chr1	101930556	0.21531160384801	2
chr1	102535634	0.266368911394659	2
chr1	102888609	-0.141370102139805	2
chr1	103583961	-0.0431090947896227	2
chr1	103677895	0.304367729091855	2
chr1	103824859	-0.082967207760581	2
chr1	103841582	1.41597191291279	2
chr1	104363964	0.201621680671571	2
chr1	104548412	-0.350755214261917	2
chr1	105012205	-0.264103598775005	2
chr1	105196683	0.250379805448051	2
chr1	105317335	-2.34188948298058	2
chr1	105626183	0.45600717097918	2
chr1	105925751	0.265791531997124	2
chr1	106946605	0.336166624281327	2
chr1	106990651	-0.609506920200772	2
chr1	107460457	-0.497353563445167	2
chr1	108009027	0.153977691382484	2
chr1	108418386	0.187130090511368	2
chr1	108842468	0.0605779298485118	2
chr1	108943147	-0.325033892784994	2
chr1	108970419	0.315813385352843	2
chr1	109416753	0.370453208553126	2
chr1	109450277	-0.094938361225215	2
chr1	110363775	-0.0976483204426864	2
chr1	110741050	0.421427595157801	2
chr1	111178404	0.335767761564173	2
chr1	111305625	0.638977060531766	2
chr1	111537062	-0.66115849023135	2
chr1	111887125	-0.430144411778702	2
chr1	111924275	0.0582519027786581	2
chr1	112826808	-0.537339393408987	2
chr1	112832744	0.0413509958850236	2
chr1	112858046	0.377831001786988	2
chr1	113185176	-0.276717111387211	2
chr1	113620286	0.102189455870191	2
chr1	114695395	0.149681361614332	2
chr1	115260816	0.210314848833407	2
chr1	115924570	-0.494385197279717	2
chr1	116399441	-0.00751738835131449	2
chr1	116508783	0.33477536630635	2
chr1	116544692	0.409145035061003	2
chr1	116910611	-1.00435646034627	2
chr1	117046697	0.298430973992733	2
chr1	117200020	-0.0905225380282986	2
chr1	117303649	0.121378309738988	2
chr1	117323410	-0.58878213142468	2
chr1	117451430	0.145953283359686	2
chr1	117788193	-0.328413920774324	2
chr1	117955391	0.230625453510187	2
chr1	118006771	0.234361690579385	2
chr1	118635884	0.0970546919170477	2
chr1	119352551	-0.515960961491938	2
chr1	119477146	0.214983269774104	2
chr1	119955431	-0.237002359925589	2
chr1	120118684	-0.608923891114748	2
chr1	121344657	-0.379879402908129	2
chr1	125654082	0.615816622207435	2
chr1	125740650	0.412792672002792	2
chr1	125841831	-0.0425204837776781	2
chr1	125870372	-0.660945997879878	2
chr1	126381754	-0.143720132771928	2
chr1	126859856	-0.658017628335976	2
chr1	126921851	0.343449969092557	2
chr1	127815017	-0.528097159449342	2
chr1	127999048	-2.08364295487551	2
chr1	128252136	0.446430342201841	2
chr1	128848371	0.23816834233613	2
chr1	128989724	0.151145328869425	2
chr1	129131925	-0.483615166711556	2
chr1	129200075	-0.479300384516539	2
chr1	129624214	0.446516233601463	2
chr1	129635723	0.199532871031336	2
chr1	130186895	-0.273610947170651	2
chr1	130507973	-0.470455755698749	2
chr1	130610891	0.417299082457004	2
chr1	130912632	-0.554950795007173	2
chr1	131221479	-0.376296473229801	2
chr1	131237717	0.261856191348304	2
chr1	131838515	0.180649297972858	2
chr1	131912646	0.386490861714538	2
chr1	131915044	-0.325054029362183	2
chr1	132555914	0.420484929911344	2
chr1	132717475	-4.73074831915964	2
chr1	132926226	-0.00181498141354739	2
chr1	132939992	0.146377875976146	2
chr1	133304744	0.0739709609850601	2
chr1	133360897	-0.777309813003424	2
chr1	133811150	0.374300836881007	2
chr1	133850419	0.32027368499459	2
chr1	133909348	0.300635366700139	2
chr1	134036692	-0.0987642644632201	2
chr1	134118965	-0.0855307330055388	2
chr1	134153633	-0.194489415295045	2
chr1	134574060	-0.993407122183055	2
chr1	134622069	0.246097538139891	2
chr1	134695382	-0.216279292687608	2
chr1	134716707	-0.184141710082333	2
chr1	134816625	0.599805672500034	2
chr1	135206047	0.130200648226853	2
chr1	135314659	-0.310393118345734	2
chr1	135413765	0.429124863810338	2
chr1	135433826	-0.144991292184017	2
chr1	135693553	0.349982274242515	2
chr1	135780263	0.268940291473114	2
chr1	136009788	0.176015822427697	2
chr1	136102464	-0.574711345525341	2
chr1	136246435	0.0898461997518875	2
chr1	136588441	0.120552651305211	2
chr1	136749874	0.0561610206276881	2
chr1	136770619	-0.0682840915818202	2
chr1	136786253	0.572937781058616	2
chr1	137106316	0.518892255218826	2
chr1	137115081	-0.00256072243825605	2
chr1	137147270	0.171621160317704	2
chr1	137764169	0.426516343935603	2
chr1	138492490	-6.62436339012922	2
chr1	138621460	0.0719481927009627	2
chr1	138653117	-0.139468501486008	2
chr1	138704291	0.51466883613343	2
chr1	138930269	0.27248030276393	2
chr1	139250388	-0.512887835556064	2
chr1	139494589	-0.0743045664279097	2
chr1	139865907	0.423632324250634	2
chr1	140710586	-0.0101945882930138	2
chr1	140982112	-0.836480391822762	2
chr1	141053006	-0.234855906042228	2
chr1	141193765	0.208207826103895	2
chr1	141209367	-0.62425637246972	2
chr1	141347934	-0.932419005538024	2
chr1	142064010	-0.188848393503432	2
chr1	142454685	-0.207214778778113	2
chr1	142837480	-0.13382423030323	2
chr1	143045085	-0.863717256464976	2
chr1	143098255	-0.052099457732647	2
chr1	143190326	-0.696340091485086	2
chr1	143258366	0.247236049255799	2
chr1	143352750	-0.380287641366059	2
chr1	143633204	0.178349677122478	2
chr1	143658148	-0.153391971665593	2
chr1	143850173	-0.0112323907589883	2
chr1	144164387	0.177608089745228	2
chr1	144375009	0.307816250052255	2
chr1	144624936	0.442025459096622	2
chr1	144785259	0.381785548485629	2
chr1	144835218	-0.268314962285237	2
chr1	144837905	-2.39685924155496	2
chr1	145254470	0.249855778909129	2
chr1	145334228	0.617435039322591	2
chr1	145683261	0.331247194241097	2
chr1	145714643	-1.278319215785	2
chr1	145894154	0.173180665115447	2
chr1	146043010	0.429291572600466	2
chr1	146253983	-0.864834752522581	2
chr1	146466689	-0.6934683107337	2
chr1	146667720	-0.565369895418989	1
chr1	146707851	-0.841320990649574	1
chr1	146863492	0.282537147371159	1
chr1	146941277	-0.309540356727247	1
chr1	147162116	-0.0405435331801276	1
chr1	147223351	-0.532013889850459	1
chr1	147270060	0.41417947491855	2
chr1	147535732	-0.365595725277875	2
chr1	147725621	-0.000461729348734402	2
chr1	147808679	0.343623563176384	2
chr1	147887673	0.096529464644155	2
chr1	148116517	0.639556509372264	2
chr1	148255197	-0.11906337193965	2
chr1	148369790	-5.17473560179222	2
chr1	148991537	-0.105203738435844	2
chr1	149278238	-7.07594836095373	2
chr1	149445541	-0.283926339157036	2
chr1	149627680	0.705665220983555	2
chr1	150026105	1.31763039860425	2
chr1	150663789	1.09226672207922	2
chr1	150689979	1.06413094273151	2
chr1	150969290	0.811705701673163	2
chr1	151239084	0.94713086733717	2
chr1	151643473	1.42069123413327	3
chr1	151714610	1.12057916741762	3
chr1	152713972	1.27896595203398	3
chr1	152732621	1.32541132711673	3
chr1	152870697	0.618764545815673	3
chr1	153565028	1.26185621603017	3
chr1	153642511	0.676809233557084	3
chr1	153660147	0.824464155567136	4
chr1	153803836	1.22844205062113	4
chr1	153875572	0.767527545812133	4
chr1	154082419	0.845035053055486	4
chr1	154111855	0.855611012979655	4
chr1	154160695	0.774303906994764	3
chr1	154202833	0.402783770253715	3
chr1	154323910	0.9586375805111	3
chr1	154426084	1.32558922886508	3
chr1	154506999	0.933041419970489	3
chr1	155109541	0.33955059808492	3
chr1	155131472	0.0735334888971881	3
chr1	155987802	0.577248978337343	3
chr1	156082928	0.969119598064681	3
chr1	156627789	-0.963114868456043	3
chr1	156783296	1.4459965108689	3
chr1	156795119	1.14389004978071	3
chr1	157075999	1.13979381518417	3
chr1	157215035	0.817201118797001	4
chr1	157417094	1.19064462069438	4
chr1	157707318	-4.97246716775167	4
chr1	157784617	0.974745289315816	4
chr1	157926599	1.06085656185355	4
chr1	158366372	0.986081592221519	4
chr1	158695939	1.37227894492095	4
chr1	158778504	1.49481001867822	4
chr1	158823120	1.27902711353454	4
chr1	158900314	0.268972883437736	5
chr1	159702403	-0.320984578724624	5
chr1	160173072	2.02172476978729	5
chr1	160378692	2.04714351015901	5
chr1	161158096	1.72179701553042	5
chr1	161609261	2.19032544053403	5
chr1	161859666	2.5009425831016	5
chr1	161872435	2.34950814370776	5
chr1	162398776	1.82715738198349	6
chr1	162559577	2.35756094075013	6
chr1	162606459	2.1933845024386	5
chr1	162858839	2.17709446238129	6
chr1	162874177	2.06313105114047	6
chr1	163078780	0.81184949943026	5
chr1	163255224	1.8860355890082	5
chr1	163779276	2.22779141840515	5
chr1	163841672	1.89485094124594	6
chr1	164026053	2.51876295654147	6
chr1	164072705	0.856894282720304	5
chr1	164276186	1.69597591920243	5
chr1	164304038	1.55119315487874	5
chr1	164766062	1.8691278226907	5
chr1	164802139	2.24728060629786	5
chr1	165663930	0.442044628834793	5
chr1	165728816	1.67471496356375	5
chr1	166310288	-4.68804406499361	4
chr1	166311007	2.0508460174492	4
chr1	166561153	1.00026368996921	4
chr1	166718840	0.882494964440424	4
chr1	166754512	0.545245968209943	4
chr1	166798253	0.641211871935303	4
chr1	166946709	1.33999682156101	4
chr1	167052754	0.997222316370871	4
chr1	168526352	1.29269217757522	4
chr1	168934647	0.951266872725511	4
chr1	169203778	0.648041584182446	4
chr1	169251701	1.3883119386129	4
chr1	169788045	1.10782830415721	4
chr1	170084488	0.542937982630713	4
chr1	170200629	1.31763039860425	4
chr1	170225677	1.09226672207922	4
chr1	170283232	1.6400966354853	4
chr1	170467494	0.811705701673163	4
chr1	170973875	0.94713086733717	4
chr1	171137854	1.42069123413327	4
chr1	172558135	1.12057916741762	4
chr1	172874189	1.27896595203398	4
chr1	173048032	1.32541132711673	4
chr1	173048610	0.618764545815673	4
chr1	173349052	1.26185621603017	4
chr1	173606214	0.676809233557084	4
chr1	173797294	0.824464155567136	4
chr1	173878995	1.22844205062113	4
chr1	174605819	0.767527545812133	4
chr1	174796149	0.845035053055486	4
chr1	175097441	0.855611012979655	4
chr1	175153440	0.774303906994764	4
chr1	175444366	0.402783770253715	4
chr1	175657777	0.9586375805111	4
chr1	175834197	1.32558922886508	4
chr1	175888944	0.933041419970489	3
chr1	176186552	0.33955059808492	3
chr1	176262227	0.0735334888971881	3
chr1	176459154	0.577248978337343	3
chr1	176685074	0.969119598064681	3
chr1	177208238	0.683184394607768	3
chr1	177244853	1.4459965108689	3
chr1	177647407	1.14389004978071	3
chr1	178215560	1.13979381518417	3
chr1	178430176	0.817201118797001	3
chr1	178729102	1.19064462069438	3
chr1	179890372	0.525246600035324	3
chr1	179891868	0.974745289315816	3
chr1	180133083	-0.662187894565634	2
chr1	180778727	0.119722193001939	2
chr1	180803574	-0.478865036107392	2
chr1	180833209	0.183648228637139	2
chr1	181271202	-0.165265674079886	2
chr1	181319620	-0.422003033669872	2
chr1	181682953	-0.446949107432616	2
chr1	181951569	-0.307873509277917	2
chr1	182075372	0.642911620421163	2
chr1	182384682	0.104217284056408	2
chr1	182771826	-1.20192015353397	2
chr1	182792165	0.233794875060202	2
chr1	182915493	0.0909083200247738	2
chr1	183540658	0.00452469076563246	2
chr1	183827521	-1.00479454310207	2
chr1	184376087	-0.51716279953983	2
chr1	184721069	-0.66612878474422	2
chr1	185345648	0.0992731199519139	2
chr1	185680672	0.455361541080654	2
chr1	185700910	-0.909701788223789	2
chr1	185791507	-0.243862264223832	2
chr1	185958147	0.183279082310885	1
chr1	186192355	0.0582822936348668	1
chr1	186709501	-0.657775984204128	1
chr1	186751006	0.336861758716401	1
chr1	186957700	-0.89179702743384	1
chr1	187283060	-0.491064362600561	1
chr1	187406756	0.217234695213355	1
chr1	187459782	0.10857490178302	1
chr1	187530666	-0.566970853213393	2
chr1	187576606	-0.160205872225197	2
chr1	187794431	0.283825664280774	2
chr1	187795162	-0.106132358740578	2
chr1	188100502	-0.269295623350891	2
chr1	188104425	-6.28781961636438	2
chr1	188175020	0.0348646175918407	2
chr1	188872082	-1.79130861418514	2
chr1	189047451	-0.547527000706578	2
chr1	189108682	-0.00783020244583824	2
chr1	189373688	0.42831154800165	2
chr1	190207721	0.0332851726110159	2
chr1	190298733	-0.0394418573215105	2
chr1	190412666	0.0607464493483383	2
chr1	190747069	-0.240538851295158	2
chr1	190813861	-0.248945757959217	1
chr1	190834284	0.205459194121233	1
chr1	191084318	-0.0443698636354333	1
chr1	191481271	-0.449166270917891	1
chr1	191490944	-0.109987643306855	1
chr1	191988558	0.0687698107870827	2
chr1	192317481	0.125242344597859	2
chr1	193054136	-0.295882727195926	2
chr1	193251931	0.381798924454939	2
chr1	193280040	-0.284674667309834	2
chr1	193466796	-0.895380858437948	2
chr1	193675078	0.0181524292920427	2
chr1	193856167	0.241809590139114	2
chr1	194081166	-1.28455318618781	2
chr1	194157011	-0.219194236096627	2
chr1	194513089	-1.3977465775761	2
chr1	194532125	-0.62938813867538	2
chr1	194876028	-0.107662254749795	2
chr1	195196723	-0.7974866536504	2
chr1	195711082	-0.579173274537297	2
chr1	195723918	-0.806394182626866	2
chr1	195762683	-0.210296708505729	2
chr1	196128362	-1.62691803600515	2
chr1	196922297	0.102949801611184	2
chr1	196981118	-0.710708308902921	2
chr1	198261619	-0.300028810281674	2
chr1	198293760	0.0226083772637008	2
chr1	198303781	-0.689261827563032	2
chr1	198670498	0.380903561109228	2
chr1	199083829	-0.238072553405895	2
chr1	199285299	0.465701097982057	2
chr1	199418390	-0.474563364495044	2
chr1	199422812	-0.284073231474332	2
chr1	199671929	-0.457728660747474	2
chr1	199829947	-0.662187894565634	2
chr1	199976407	0.119722193001939	2
chr1	200175678	-0.478865036107392	2
chr1	200404132	0.183648228637139	2
chr1	201703404	-0.165265674079886	1
chr1	201731288	-0.422003033669872	1
chr1	201782246	-0.446949107432616	2
chr1	201944382	-0.307873509277917	1
chr1	202103953	-0.188436765974153	1
chr1	202178314	0.104217284056408	1
chr1	203134590	-1.20192015353397	1
chr1	203802243	0.233794875060202	1
chr1	203916879	0.0909083200247738	1
chr1	203940178	0.00452469076563246	1
chr1	204037026	-1.00479454310207	1
chr1	204240284	-0.51716279953983	1
chr1	204288473	-0.66612878474422	1
chr1	204356518	0.0992731199519139	1
chr1	204393639	0.455361541080654	1
chr1	204471079	-6.32416982941948	1
chr1	204487729	-0.243862264223832	1
chr1	204569958	0.183279082310885	1
chr1	204577253	-1.48288257193405	1
chr1	204648418	-0.657775984204128	1
chr1	204780994	0.336861758716401	1
chr1	204894685	-0.89179702743384	1
chr1	205158506	-0.491064362600561	1
chr1	205216361	0.217234695213355	1
chr1	205505508	0.10857490178302	1
chr1	205515633	-0.566970853213393	1
chr1	205609686	-0.160205872225197	2
chr1	205735982	0.283825664280774	2
chr1	206365248	-0.106132358740578	2
chr1	206460197	-0.269295623350891	2
chr1	206520332	0.0033756229647789	2
chr1	206652494	0.0348646175918407	2
chr1	206683619	-1.79130861418514	2
chr1	206830305	-0.547527000706578	2
chr1	206977065	0.341924509667524	2
chr1	207250813	0.42831154800165	2
chr1	207252655	0.0332851726110159	2
chr1	207547222	-0.0394418573215105	2
chr1	208059602	0.0607464493483383	2
chr1	208737428	-0.240538851295158	2
chr1	208963123	-0.248945757959217	2
chr1	209407531	0.205459194121233	2
chr1	209444777	-0.0443698636354333	2
chr1	209565614	-0.449166270917891	2
chr1	209612923	-0.109987643306855	2
chr1	209649558	0.0687698107870827	2
chr1	210138971	0.125242344597859	2
chr1	210459046	-0.295882727195926	2
chr1	210795439	0.381798924454939	2
chr1	210856317	-0.284674667309834	2
chr1	210880184	-0.895380858437948	2
chr1	210982639	0.0181524292920427	2
chr1	211397383	0.241809590139114	2
chr1	211868786	-1.28455318618781	2
chr1	212071329	-0.219194236096627	2
chr1	212233043	-1.3977465775761	2
chr1	212511630	-0.62938813867538	2
chr1	212530002	-0.107662254749795	2
chr1	212578053	-0.7974866536504	2
chr1	212659716	-0.579173274537297	2
chr1	212682921	-0.806394182626866	2
chr1	212952889	-0.210296708505729	2
chr1	213112384	-1.62691803600515	2
chr1	213196559	0.102949801611184	2
chr1	213561699	-0.710708308902921	2
chr1	213776417	-0.300028810281674	2
chr1	214126309	0.0226083772637008	2
chr1	214181930	-0.689261827563032	2
chr1	214348013	0.380903561109228	2
chr1	214452053	-0.238072553405895	2
chr1	214508002	0.465701097982057	1
chr1	214623782	-0.474563364495044	1
chr1	214628942	-0.284073231474332	2
chr1	214953334	1.28964517650297	1
chr1	215246558	-0.662187894565634	1
chr1	216031130	0.119722193001939	2
chr1	216337356	-0.478865036107392	2
chr1	216783951	0.183648228637139	2
chr1	217152531	-0.165265674079886	2
chr1	217170369	0.905943429256798	2
chr1	217464269	-0.446949107432616	2
chr1	217995163	-0.307873509277917	2
chr1	218098317	-0.188436765974153	2
chr1	218264917	0.104217284056408	2
chr1	218316416	-1.20192015353397	2
chr1	218482265	-5.86312104198801	2
chr1	218778934	0.0909083200247738	2
chr1	218908153	0.00452469076563246	2
chr1	219005663	-1.00479454310207	2
chr1	220179382	-0.51716279953983	2
chr1	220656975	-0.66612878474422	2
chr1	221050619	0.0992731199519139	2
chr1	221081737	0.455361541080654	2
chr1	221118915	-0.909701788223789	1
chr1	221401771	-0.243862264223832	1
chr1	221423261	0.183279082310885	1
chr1	221427600	0.0582822936348668	1
chr1	221861011	-0.657775984204128	1
chr1	222705838	0.336861758716401	1
chr1	223291765	-0.89179702743384	1
chr1	223349655	-0.491064362600561	1
chr1	223390899	0.217234695213355	1
chr1	223670614	0.10857490178302	1
chr1	223737517	-0.566970853213393	1
chr1	223824591	-0.160205872225197	1
chr1	223889823	0.283825664280774	1
chr1	223921754	-0.106132358740578	1
chr1	224129048	-0.269295623350891	1
chr1	224827714	-7.08497069828284	1
chr1	224987260	-5.91385585255322	1
chr1	225360494	-1.79130861418514	1
chr1	225641773	-0.547527000706578	1
chr1	226253635	-0.00783020244583824	1
chr1	226541879	0.42831154800165	1
chr1	226613772	0.0332851726110159	1
chr1	227357259	-0.0394418573215105	1
chr1	227590477	0.0607464493483383	1
chr1	227672803	-0.240538851295158	1
chr1	228278017	-0.248945757959217	1
chr1	228745678	0.205459194121233	1
chr1	229265799	-0.0443698636354333	1
chr1	229377521	-0.449166270917891	1
chr1	229701858	-0.109987643306855	1
chr1	229749014	0.0687698107870827	2
chr1	229973375	0.125242344597859	2
chr1	230383312	0.244921218153956	2
chr1	230393089	-0.552775420547605	2
chr1	230579641	0.359514466464633	2
chr1	230716462	0.0824689423922561	2
chr1	230989320	-0.0482614084116262	2
chr1	231526147	-0.217981439408695	2
chr1	232044957	0.483711747763834	2
chr1	232438966	-0.212832342150942	2
chr1	232554414	-0.0266682908252874	2
chr1	232977928	0.51149969736404	2
chr1	233114648	0.302710736524904	2
chr1	233288908	-0.146498335608856	2
chr1	234022417	0.322771845300878	2
chr1	234086032	-1.0650278195196	2
chr1	234158757	-0.328088759976165	2
chr1	234435802	-0.289278281794361	2
chr1	234468800	0.012461467833314	2
chr1	235233876	-0.216357055045469	2
chr1	235486229	-0.0878364009014474	2
chr1	235777076	0.243788716469775	2
chr1	235881895	-0.0386738921014089	2
chr1	236134278	-0.301165787285642	2
chr1	236190223	-0.644917637538672	2
chr1	236306847	-0.0766890153426702	2
chr1	236416351	-0.0841210660036085	2
chr1	236674577	0.125203543846689	2
chr1	236832957	0.0620408265834517	2
chr1	237005400	0.457414383485115	2
chr1	237337063	0.0579055580196853	2
chr1	237442595	0.388628905643007	2
chr1	237599066	-0.313286547247891	2
chr1	237748804	-0.223654514094407	2
chr1	237787794	0.0567971301532643	2
chr1	238003932	-0.0615577859824216	2
chr1	238216816	0.226307159146674	2
chr1	238485455	-2.9568008845884	2
chr1	238620979	0.16202115636451	2
chr1	239370031	0.5195816320788	2
chr1	240227730	0.60147497148658	2
chr1	240514091	2.66128025612532	2
chr1	240637037	0.351395641376794	2
chr1	240654997	-0.751951090300723	2
chr1	241003127	-0.190989542073201	2
chr1	241451590	-0.12555338686349	2
chr1	242060536	-0.727258394545108	2
chr1	242238715	0.107097826881326	2
chr1	242251027	0.236184034611478	2
chr1	242697805	0.510352209989899	2
chr1	242798081	-0.245542010734957	2
chr1	243559779	0.0526267992655213	2
chr1	243643206	-0.428002860984414	2
chr1	243760621	0.0360954484658054	2
chr1	244439040	-0.316969376580735	2
chr1	244505034	0.229049138485935	2
chr1	244676435	0.446292162877751	2
chr1	244749515	-0.182468935016449	2
chr1	244765753	0.354652335170589	2
chr1	244972512	0.345861185670322	2
chr1	245012072	0.824564311477292	2
chr1	245021587	0.00869435394860073	2
chr1	245033503	-0.317654353091472	2
chr1	245103504	-0.0558229111347322	2
chr1	245113575	0.235035207899455	2
chr1	245463690	-0.778206898393495	2
chr1	246522231	0.205882947899547	2
chr1	246715535	0.123679388036428	2
chr1	246736859	-1.79620359918548	2
chr1	246935424	0.456858958649677	2
chr1	247017114	-0.634069761065493	2
chr1	247099735	-0.625618756598879	2
chr1	247196767	-0.460149503667671	2
chr1	247219344	-0.135444640623519	2
chr1	247309193	-0.884240793513774	2
chr1	247511923	0.0619071889823137	2
chr1	247522775	0.114495284416201	2
chr1	247859458	0.00322314581463777	2
chr1	247980919	0.124780986697602	2
chr1	248127642	0.0564960290210312	2
chr1	248168289	-0.478025983667851	2
chr1	248184409	-7.10022509312842	2
chr1	248735740	0.306481475421014	2
chr1	248852572	0.227199351719384	2
